/*
 * These are the bid for the first loop of bids - to show there is nothing lower than $35 + 1 by users ID
*/

User 29 has amounts: 293 227 193 154 94 265 179 271 244 243 68 63 62 285 52 230 64 232 77 228 286 238 256 47 204 194 107 223 252 241 294 165 79 204 206 161 70 84 240 196 115 143 212 270 220 169 157 249 68 69 185 112 250 123 150 299 211 96 157 175

User 3 has amounts: 154 47 51 235 256 52 86 246 186 200 143 87 263 264 49 63 96 106 188 297 239 189 155 208 268 74 95 269 40 255 229 129 130 138 249 36 66 292 139 292 189 63 274 233 274 103 230 161 84 43 192 282 101 153 102 57 59 203 277 266 266 167

User 9 has amounts: 96 283 184 194 282 180 192 83 219 203 164 148 261 160 190 126 249 98 70 146 253 280 77 79 98 91 194 89 181 69 111 246 64 199 168 42 148 121 80 201 36 250 65 133 242 253 209 254 55 109 228 157 172 122 51 111 209 243 291 120

User 22 has amounts: 205 117 212 125 190 48 41 78 170 235 165 165 263 65 113 213 186 190 113 277 193 296 148 239 106 167 205 83 214 209 223 246 206 164 46 133 230 38 104 91 186 37 160 155 287 116 86 125 234 121 291 189 76 81 247 126 70 121 148 230 226 235 184

User 26 has amounts: 243 295 142 61 234 251 126 108 241 257 39 284 256 284 187 40 94 180 76 106 86 210 142 230 86 38 222 263 63 273 197 110 163 279 217 298 208 168 245 229 282 268 291 266 121 137 119 173 39 57 54 129 72 201 204 220 204 253 117 137 148 101 292 288 175 292 47 53

User 23 has amounts: 165 83 58 87 90 86 287 160 156 262 154 174 234 49 241 156 56 48 157 194 112 144 156 83 222 136 133 137 54 164 236 218 158 270 275 274 180 166 299 212 277 262 52 271 124 98 138 70 263 145 211 294 52 164 187 230 37 227 84 285 38 297 80 140 242 247 90

User 6 has amounts: 246 168 210 52 234 213 56 235 250 42 273 191 60 213 166 127 139 214 137 153 193 165 111 107 276 66 290 229 264 132 90 175 267 160 192 48 280 256 139 119 75 67 43 264 149 287 266 263 237 61 229 242 298 285 99 114 112 91 87 283 297 229 147 39 219 258 247 171

User 19 has amounts: 259 107 100 185 39 284 147 192 78 140 71 233 173 59 120 203 67 231 100 47 269 227 213 216 124 92 204 82 262 93 60 90 106 279 41 136 207 281 245 145 55 282 52 168 134 122 83 122 171 268 87 211 194 257 46 295 282 142 158 148 191 246 258 297 76 187 107 37 197 105

User 30 has amounts: 125 117 99 55 124 53 132 157 41 214 263 186 45 64 244 194 159 59 82 262 111 179 157 171 291 207 135 176 103 146 182 249 190 59 179 59 267 187 217 220 217 42 164 67 278 297 107 193 176 72 142 51 135

User 1 has amounts: 100 150 130 192 189 297 225 229 299 89 40 199 124 234 103 124 235 198 253 198 150 102 295 169 277 77 147 108 247 73 175 114 273 78 271 246 225 284 154 67 97 295 109 94 254 253 234 73 142 93 136 99 91 118 291

User 5 has amounts: 101 149 204 123 161 182 149 106 295 175 157 146 271 165 187 273 214 61 182 188 124 182 109 175 108 160 296 91 100 202 182 260 134 167 76 145 239 290 273 241 36 149 194 175 260 69 244 144 290 293 116 151 234

User 12 has amounts: 168 139 209 246 37 53 289 199 289 90 82 236 171 278 164 259 265 191 255 159 201 278 296 187 156 88 68 228 266 124 263 87 191 124 66 41 110 159 65 255 93 64 192 104 248 258 45 296 296 55 288 194 104 93 167 113 81 98 202 46 298 227

User 28 has amounts: 37 260 207 192 58 75 172 97 84 233 190 289 287 59 163 137 293 222 70 204 191 182 143 197 237 292 272 100 44 284 174 126 276 120 285 155 185 164 244 272 46 239 241 103 288 100 84 137 108 107 167

User 2 has amounts: 200 192 237 235 300 213 59 245 261 267 285 172 51 205 76 128 105 165 124 242 86 115 176 225 150 151 243 145 283 274 216 88 248 232 100 146 214 189 69 282 271 258 264 243 48 235 216 268 181 229 44 126 220 97 207 146 133 141 271 281 139 173 142 260

User 18 has amounts: 127 200 45 239 274 277 215 98 226 261 62 49 135 142 148 111 105 224 169 213 78 224 266 251 179 293 120 185 118 125 116 245 107 66 181 115 268 283 298 172 299 41 199 243 208 160 40 114 39 295 234 228 47 298 249 183 256 286 285 123 272 83

User 10 has amounts: 113 42 126 241 182 194 65 280 126 70 241 228 201 150 158 123 99 83 284 188 279 124 131 53 244 223 248 276 259 104 148 246 37 149 104 167 132 62 174 162 98 184 258 212 266 215 149 119 112 259 145 81 178 57 125 242 75 202 59 114 102

User 24 has amounts: 112 269 142 187 200 56 157 269 128 161 188 163 293 276 228 157 77 68 196 155 249 57 50 139 184 295 262 89 75 143 141 241 190 289 195 182 240 227 150 244 85 242 86 279 131 178 165 168 59 94 49 70 296 155 188 152 178 265 167 183 242 185

User 4 has amounts: 165 249 216 184 69 244 170 225 75 297 221 85 130 243 115 230 75 38 60 154 55 210 189 137 175 283 261 200 109 66 78 201 118 81 230 284 91 39 256 133 235 205 144 163 283 193 113 230 165 101 100 44 80 169 96 113 128 93 275 278 213 253

User 20 has amounts: 179 259 159 57 158 43 197 38 62 129 262 66 233 202 197 49 99 166 262 96 236 224 159 217 113 89 285 86 264 254 296 200 55 178 91 43 299 66 298 285 219 157 52 118 217 228 229 287 135 85 212 157 291 191 275 248 193 84 127 172 152 115 296

User 17 has amounts: 36 177 91 131 112 214 91 113 190 127 288 231 197 98 73 251 75 236 291 94 168 260 182 74 179 42 191 177 84 294 190 172 164 105 279 113 90 216 44 227 290 168 262 224 194 62 78 46 293 262

User 21 has amounts: 43 130 251 150 111 71 195 227 152 270 142 156 287 294 175 226 129 79 283 54 37 215 105 90 240 204 1 78 62 139 53 87 139 263 178 296 295 259 235 62 238 160 56 180 108 176 298 288 88 133 39 44 217 268 183

User 11 has amounts: 243 51 60 258 88 127 258 216 146 272 64 121 151 81 116 99 141 148 223 153 212 250 249 200 288 298 206 50 208 216 218 242 128 136 91 196 190 39 237 134 223 271 175 163 218 204 229 212 136 162 253 285 72 48 213 52 58 294 63 187 51 72 91 200 65 38 86 105 216 85

User 27 has amounts: 106 224 131 130 206 272 264 168 95 123 79 207 239 253 53 231 272 187 77 271 152 300 108 44 277 180 211 106 256 300 59 204 62 52 115 294 268 150 152 155 267 207 295 72 46 171 129 285 145 281 171 180 270 128 296 211

User 7 has amounts: 202 141 50 83 123 228 117 58 158 156 135 194 206 74 264 84 42 53 81 250 217 269 93 127 101 284 188 75 133 181 87 275 179 182 198 85 80 296 296 81 262 39 196 219 103 210 99 80 111 210 136 240 173 48 206 218 227 193 138 222 82 38 282 144 137

User 25 has amounts: 155 40 138 210 217 111 75 173 212 279 159 202 204 149 256 243 242 110 265 167 80 151 182 299 198 134 91 73 266 192 196 91 176 180 300 211 230 45 80 167 266 252 125 92 121 108 206 255 147 234 228 230 194 61 205 270 193 66 248 201 169 297 291

User 15 has amounts: 173 221 209 50 60 101 43 189 216 121 93 172 247 71 220 87 142 195 200 247 183 254 174 262 79 69 191 100 91 291 270 147 121 221 47 158 151 59 283 155 198 74 105 235 161 278 47 158 39 223 141 265

User 16 has amounts: 275 86 89 224 254 51 294 132 188 128 209 241 102 232 212 182 114 70 263 216 129 274 65 196 168 171 180 241 179 140 168 158 58 282 183 263 243 92 173 203 93 171 231 232 119 193 82 266 154 47 215 228 194 229 132 50

User 8 has amounts: 238 288 168 230 225 213 270 185 167 70 133 79 190 151 133 207 181 262 119 293 46 175 247 93 194 194 263 293 242 99 108 77 115 57 130 231 182 115 75 93 278 238 115 154 150 234 78 300 179 91 208 240 85 278

User 13 has amounts: 156 223 40 60 81 251 144 298 173 201 192 122 268 111 259 211 270 49 42 197 149 156 272 265 52 242 272 59 269 96 252 168 122 110 118 263 228 202 205 221 287 217 174 254 245 185 57

User 14 has amounts: 215 88 96 267 171 171 125 273 133 259 86 135 142 130 130 135 109 64 232 212 123 228 294 261 287 141 52 94 66 85 205 54 248 234 294 91 62 151 249 213 285 269 269 92 73 174 193 161 136 196 173 86 194 54 183 158 116 194 22 4

/*
 * This shows the highest bid and the users with the highest bid.
 * The count is 5 in this situation so bid happens again.
 * Happens one more because the singular highest bigger was found
*/
Largest amount in CDN: $300
User(s) with the largest amount by ID: 2 27 27 25 8

Count = 5
Largest amount in CDN: $899
User(s) with the largest amount by ID: 29 29 3 23 5 12 12 10 4 11 11 8 8

Largest amount in CDN: $2097
User(s) with the largest amount by ID: 14
